3
30 18 18 5

-80 -22 25 61 -99 77 -48 -56 -25 -86 -71 -16 74 70 18 -27 19 -21 
-61 50 -46 -74 -83 -27 36 1 -40 -24 -91 -79 -77 -78 31 25 31 78 
86 53 -53 63 -86 -34 87 -69 -57 93 -86 78 97 -100 -9 59 -13 -22 
74 -6 68 -92 3 -82 -77 -81 -97 -57 58 48 -6 -66 42 0 -19 65 
-15 -17 77 56 45 -11 69 -29 43 77 35 -25 73 -95 -44 33 -20 -10 
-63 70 -41 -86 22 -11 82 89 -55 -76 -23 100 -60 -9 64 39 -95 37 
84 52 1 91 13 80 16 75 -93 69 -8 -4 -70 77 70 -46 -19 -72 
-25 48 -16 44 -99 39 20 -91 83 -10 94 18 86 41 -46 -84 -61 61 
-99 16 23 -67 94 -11 51 -51 -16 -97 56 28 -48 75 -53 57 15 -21 
-96 -35 -66 74 55 48 2 51 -55 64 2 92 -96 99 -76 43 1 -15 
-54 22 74 -47 82 -71 -62 -84 -6 -89 53 61 17 -96 83 81 94 -42 
-3 -75 46 -30 2 -81 -43 -29 53 -64 27 -46 -89 2 84 -68 -60 -10 
-81 -7 13 -87 -36 -59 -95 -56 71 26 70 -65 -35 2 56 0 86 32 
-79 -56 33 -95 6 86 -53 100 -53 -4 -80 -69 -18 -87 -29 38 77 -57 
-23 -38 46 -55 -1 71 79 -63 7 -12 13 82 -94 38 -62 -43 23 -53 
-71 -93 1 -65 -18 -17 -33 28 83 44 79 -86 -19 70 65 72 96 23 
70 23 48 83 60 -87 -55 -88 39 -49 -35 74 7 -72 62 -73 73 -90 
8 -57 81 88 -95 92 -3 31 -94 82 20 -62 -59 -35 -16 -3 -54 -83 
45 -72 -78 -86 92 79 -63 -8 54 -72 -73 45 30 36 56 -74 -7 -67 
-37 -11 -95 75 -10 44 73 -96 -50 -6 -64 48 -2 89 85 -30 2 16 
-83 -53 52 -19 48 -35 -22 23 92 -86 56 -57 42 94 -60 -55 -41 38 
81 88 23 -73 -60 10 11 -83 49 66 68 95 -20 41 -42 -28 -41 -51 
3 31 -49 2 -96 77 16 -78 69 -100 -28 51 40 -22 34 -84 64 -12 
-21 63 -45 -30 -28 -55 50 -71 -40 -64 -36 -2 76 31 1 26 -71 -24 
-98 82 -36 -29 -99 91 51 -59 75 3 -87 -78 38 52 -38 -97 -37 71 
62 -60 -70 -6 -23 -98 45 -82 -8 -56 26 -34 -48 39 99 83 -10 48 
-32 -15 -53 76 85 5 16 -35 -82 -86 -24 -13 -82 88 23 -73 35 87 
-47 -50 -69 54 73 -77 75 -98 11 27 31 69 -6 -96 -81 98 92 -43 
69 80 -78 -11 -27 -58 -56 -70 -52 29 -63 -71 -40 32 69 -89 60 -80 
84 87 -5 96 11 63 52 54 49 11 -72 -64 43 -19 25 59 -46 -78 

-8 -48 88 -56 10 
-25 -26 -10 44 90 
51 -64 8 -9 22 
16 76 5 74 -62 
24 52 0 41 11 
-19 43 27 81 56 
-55 68 -83 -98 -94 
53 -25 -41 70 -29 
73 60 -78 33 23 
58 55 12 34 97 
24 -19 35 -31 -38 
18 89 82 48 92 
-63 95 -54 80 -75 
-56 -84 22 -3 -59 
92 47 -97 -13 -6 
-14 77 89 -83 -17 
-44 -2 87 -59 77 
95 16 8 44 -37 

18 27 27 27

-3 -32 11 -79 91 -80 -36 -6 -76 82 94 -65 9 -41 -69 76 -23 -14 85 -93 25 -24 -40 62 66 94 -26 
-52 -34 73 -57 93 -20 -43 -65 12 70 -62 49 56 -59 -100 100 -17 82 -88 25 78 -6 -54 13 -36 66 -65 
44 -54 44 -18 44 54 8 -72 35 20 -100 28 98 46 32 -3 -75 51 61 82 -79 -52 -66 12 -61 -89 -11 
-40 -92 -94 -25 -51 -44 -15 -73 27 -94 -29 -96 72 -7 65 -15 -56 -93 -28 14 -97 74 39 -18 14 -35 72 
-33 -2 22 -72 88 45 1 88 44 47 49 29 89 -37 92 32 71 -59 -8 -7 55 26 18 81 7 -56 -68 
-8 82 54 -64 -72 -29 100 28 -57 34 85 -42 -25 67 51 -12 -12 -97 95 55 -58 69 51 -72 88 -11 38 
-4 -20 -5 -40 -39 -6 23 -11 -87 90 6 -61 73 -33 74 -19 -76 22 40 82 44 -12 -29 -12 -10 51 -87 
-3 87 79 -16 -62 68 9 -70 -33 -23 14 81 -72 2 82 -34 16 -86 87 -58 -18 49 -44 -93 -77 -71 -85 
-31 42 -43 -14 98 4 -21 63 -36 87 84 26 39 -94 38 -72 9 10 30 -14 92 -25 -40 11 -36 -39 67 
-46 73 -15 -23 32 -38 -27 -7 88 19 -15 -46 -32 -31 85 59 -79 84 -32 -96 46 96 -75 -19 57 24 26 
84 -18 -10 64 35 -58 -85 -65 67 -76 -6 -71 -68 -12 -49 27 -83 33 -43 54 41 -14 -87 6 24 52 60 
12 63 -21 98 -100 41 8 -13 80 -78 36 62 -87 37 22 -21 -54 68 72 72 11 80 -29 -100 68 45 -49 
-39 9 39 1 50 -68 -9 97 -52 -71 -59 87 90 -64 -83 11 33 -40 74 -78 -99 95 61 -4 30 -98 -62 
80 -55 78 61 -50 -74 6 22 -17 -25 30 -40 -95 47 85 -18 -1 -67 94 65 28 30 -4 -27 -1 61 -54 
100 -84 21 48 -19 86 60 -68 66 84 68 2 -72 -2 -34 49 -89 9 -61 -15 63 -54 -62 42 -66 22 83 
27 -45 -90 -23 -61 5 -19 -32 82 -100 -38 24 2 30 27 57 11 -24 95 1 47 -53 -84 48 38 -42 -11 
21 20 99 -31 31 -26 -19 96 78 58 75 -82 -36 20 -55 77 16 53 -95 54 -99 -58 93 42 29 45 -75 
20 -78 18 89 22 94 96 30 79 -10 79 94 -44 79 -23 -14 -13 -21 30 -88 -94 30 42 -59 -49 -59 -55 

88 11 -7 10 -36 61 -16 -88 -100 81 -57 51 0 38 0 -74 -2 -42 -72 80 -4 -2 70 65 -97 -54 81 
-36 -14 -19 -20 -72 -62 10 50 -11 -39 -83 -44 -96 -33 13 64 92 -59 98 -79 -6 88 -18 -64 -68 74 -3 
86 -30 86 97 31 -54 85 39 -2 39 -35 -87 95 47 -97 -8 15 79 24 -15 -46 -5 100 -46 -70 49 -3 
-52 71 0 -16 59 -88 -95 -18 51 82 32 94 -75 76 52 33 -35 -79 -15 15 -47 -10 20 -33 20 38 -61 
46 92 -10 -11 -98 -74 -93 -47 -35 -45 -36 -15 -9 -12 33 -42 5 14 -42 -65 -100 39 -5 -84 -82 -89 58 
-100 33 -22 82 -14 48 -15 -13 -56 84 42 -50 -72 -58 78 23 -46 -98 -74 11 -76 93 -94 -95 74 81 98 
5 -87 34 -41 13 91 27 85 -89 66 34 60 11 -57 36 -23 26 -85 -90 81 85 -8 -74 -74 69 76 -59 
58 86 34 99 -44 69 -83 -71 -43 73 10 -39 -88 -15 18 -61 -96 -41 -19 -60 63 84 73 50 -90 92 97 
-28 -85 -98 72 87 24 -66 -33 46 -100 -35 89 74 -11 -4 -78 77 39 8 -11 91 -37 14 -50 75 10 40 
83 72 65 51 55 33 -57 -76 39 -65 29 -28 79 -9 73 22 -4 -28 20 -63 62 15 79 84 99 43 -29 
17 -21 -3 -14 -25 71 79 48 16 -88 3 -83 99 64 20 -20 18 54 -96 6 97 -29 -17 50 -58 -64 49 
52 -85 29 67 30 -48 -21 3 -67 -72 -39 -94 -39 43 54 -16 -9 94 33 -54 -89 31 36 56 -31 71 -98 
58 -49 58 12 -46 -13 1 9 -85 -18 -78 -46 7 2 36 -44 74 46 -43 -80 77 -89 48 36 76 -2 54 
52 35 -92 -2 -66 49 -21 17 -80 94 -76 -81 -80 -16 -72 -95 -85 90 -70 -24 -69 -48 -15 -10 -3 62 5 
-1 70 -42 -12 -30 48 0 97 -74 34 -11 65 54 -74 90 -24 67 -19 -3 -99 14 32 -58 52 -62 6 6 
72 8 66 -31 -10 -19 -96 -60 -31 20 -76 18 -22 -60 89 -84 -54 54 -85 82 81 56 12 78 32 32 73 
27 -29 94 56 -99 47 84 -24 -6 26 5 -100 67 -74 67 99 -18 38 -83 -79 -34 12 -91 -60 54 -4 -23 
-48 -75 6 11 74 -22 -80 62 56 -5 -65 -13 90 -22 -100 74 18 66 -97 14 6 26 96 -97 -16 -78 57 
-98 -48 -19 65 34 -92 23 -59 -35 -70 84 15 35 90 82 69 88 -77 -72 57 86 34 2 56 31 -86 38 
58 85 66 2 -31 79 -11 41 -38 34 -88 77 66 10 31 -41 -17 -75 83 -9 23 6 21 -75 88 -59 8 
-17 -96 -100 -83 86 26 79 -87 24 5 -50 42 -77 13 24 -69 100 -58 80 -80 21 -12 94 -22 23 -11 70 
-98 -26 78 26 -87 90 -8 17 60 -90 -81 -60 -18 -59 -80 1 -39 90 -4 -3 15 -11 -9 77 -70 49 -93 
-8 -67 11 -47 58 93 -69 -93 51 97 -58 9 -64 42 63 70 79 -59 -59 33 73 1 53 65 -1 16 75 
-51 -86 -1 -72 -88 79 21 -70 97 -100 80 -92 46 -43 95 58 -32 -30 -69 44 -16 -77 -3 -79 51 -78 -41 
72 93 -17 24 -90 -15 27 -8 39 -6 18 -13 -4 64 -9 73 92 59 1 -96 59 -97 -87 38 -93 -65 69 
79 29 -44 38 77 91 4 -49 -83 -87 -46 -6 -72 -4 -68 -84 80 -28 -12 -59 80 -27 57 -22 -27 -71 -69 
36 -57 84 -27 40 76 -76 -6 27 66 -63 49 38 -15 30 -31 -62 -8 -47 -2 -46 9 -21 100 -52 5 -49 

29 11 11 24

9 79 47 13 -73 93 50 76 94 -73 -98 
-59 44 -38 -99 -56 -5 -68 45 82 -53 74 
-83 -10 -28 7 89 25 61 45 -83 5 -63 
62 -91 -49 -75 93 72 -61 25 -97 -59 86 
-82 -17 -37 -35 38 49 -71 6 81 20 -47 
-97 -71 83 -51 84 -8 74 -46 -85 13 -79 
-4 -34 -97 47 1 20 14 -44 -56 62 -12 
41 -89 71 -16 -11 -84 -93 -80 7 -39 61 
77 57 34 -82 75 -27 -13 27 5 -93 15 
-96 20 -99 99 59 -54 -31 62 73 -10 -53 
-85 90 8 60 -57 -90 -57 -86 -44 -61 26 
39 -89 25 10 4 9 42 -20 -44 2 -32 
10 50 45 -45 -40 -78 100 8 -14 60 -100 
-24 67 34 -27 -26 -75 -78 44 -19 65 -69 
-79 60 13 85 42 -40 48 6 65 40 -90 
98 -28 28 95 31 -69 -87 60 -76 -35 -41 
47 -8 50 35 -88 -90 68 -7 96 -28 -95 
62 73 -33 -88 41 70 -79 87 -74 71 79 
35 -31 50 -76 73 28 58 44 95 -78 -51 
-42 94 -32 -73 -21 -67 -44 -97 -6 -11 -10 
-7 -47 11 -90 91 -51 -55 -19 29 -77 55 
-65 32 12 32 87 68 74 74 60 -12 -83 
-94 -72 -74 -89 -74 33 -52 -67 29 43 -13 
25 -89 -46 -55 89 -48 -87 -13 27 97 -23 
-46 35 71 5 20 -19 -27 -17 36 -79 24 
-9 -44 -44 96 81 96 10 24 -96 -3 66 
99 15 -50 -7 27 -67 -88 8 -58 67 74 
-11 10 -100 48 62 -60 -6 -48 76 17 -17 
27 -78 0 -2 13 2 72 -4 -24 12 -80 

-16 -95 75 -1 -72 75 -65 -66 4 27 79 -59 -98 86 -88 -51 64 23 -100 -36 15 96 6 73 
-40 30 18 76 25 93 -71 -33 0 -8 43 -88 -10 86 61 -95 -66 -59 69 88 -77 -24 -21 -20 
68 44 -79 73 -17 54 -30 14 -48 -72 -40 -95 99 36 53 -54 87 -11 61 65 -94 57 1 1 
-86 81 -91 -62 10 1 -76 93 -91 -15 -55 82 -22 -4 2 84 -19 -27 -12 93 79 -68 -26 -97 
-9 -31 -19 -93 -18 -91 63 76 -44 9 -100 -90 -56 -4 65 -16 79 60 6 -71 -42 59 95 76 
4 7 -91 -83 -68 8 -54 53 -30 50 65 -69 54 72 22 81 -18 70 85 -34 -3 -35 58 -85 
-39 -13 -26 -41 95 -63 15 -100 59 56 80 78 -100 -30 97 8 48 21 -48 -66 54 -19 -12 -10 
49 -70 71 6 -9 7 10 18 83 -50 64 -49 -65 -66 97 86 -33 57 97 -57 -34 10 -99 -37 
69 8 -59 26 -92 -58 53 -11 56 93 72 -4 44 35 -31 -29 79 -74 -54 -60 -100 -4 43 28 
-10 -6 87 -45 84 5 -56 97 55 35 51 49 99 -67 -34 -93 -82 93 29 -67 -82 91 -65 -19 
-22 -49 18 35 -47 78 96 -28 -16 84 58 24 52 -26 25 76 -7 -40 -55 -16 -60 35 56 19 

